1.310513
1.751008
2.397346
3.470835
5.713523
14.066096
-34.217936
-7.632450
-4.174166
-2.769913
-1.986851
-1.475956
-1.110731
-0.834603
-0.618734
-0.447072
-0.310124
-0.202034
-0.119098
-0.058952
-0.020116
-0.001730
-0.003413
-0.025199
-0.067544
-0.131398
-0.218369
-0.331006
-0.473306
-0.651607
-0.876242
-1.164839
-1.549470
-2.094216
-2.946468
-4.533132
-8.804276
-80.706569
11.341205
5.175062
3.241658
2.267681
1.665879
1.249461
0.940872
0.702425
0.513815
0.363304
0.243761
0.150714
0.081312
0.033748
0.006928
0.000283
0.013677
0.047386
0.102141
0.179250
0.280824
0.410178
0.572530
0.776274
1.035436
1.374783
1.841708
2.538241
3.728684
6.366642
18.479864
-21.692124
-6.727351
-3.862487
-2.609351
-1.886782
-1.406423
-1.059085
-0.794641
-0.587097
-0.421811
-0.290053
-0.186408
-0.107441
-0.050962
-0.015610
-0.000614
-0.005664
-0.030862
-0.076742
-0.144350
-0.235426
-0.352722
-0.500550
-0.685774
-0.919659
-1.221597
-1.627349
-2.209785
-3.141724
-4.951558
-10.383582
225.948634
9.489376
4.722985
3.036420
2.147864
1.585783
1.191376
0.896575
0.667623
0.486081
0.341185
0.226356
0.137450
0.071824
0.027809
0.004408
0.001131
0.017910
0.055094
0.113498
0.194546
0.300519
0.434989
0.603600
0.815475
1.085976
1.442551
1.938600
2.692024
4.021278
7.176561
26.874668
-15.862874
-6.006368
-3.589040
-2.462578
-1.793233
-1.340533
-1.009732
-0.756264
-0.556642
-0.397491
-0.270772
-0.171476
-0.096417
-0.043568
-0.011679
-0.000063
-0.008483
-0.037109
-0.086553
-0.157963
-0.253222
-0.375295
-0.528841
-0.721299
-0.964965
-1.281215
-1.710032
-2.334628
-3.359042
-5.446201
-12.631324
47.062382
8.147373
4.337615
2.851381
2.036736
1.510253
1.136038
0.854108
0.634145
0.459373
0.319911
0.209681
0.124843
0.062946
0.022451
0.002457
0.002546
0.022720
0.063400
0.125493
0.210544
0.321014
0.460759
0.635881
0.856307
1.138896
1.514135
2.042405
2.860701
4.356549
8.208974
49.117662
-12.489003
-5.417820
-3.346947
-2.327782
-1.705537
-1.277990
-0.962522
-0.719388
-0.527320
-0.374081
-0.252263
-0.157227
-0.086019
-0.036765
-0.008320
-0.000078
-0.011872
-0.043943
-0.096983
-0.172247
-0.271771
-0.398753
-0.558222
-0.758253
-1.012284
-1.343928
-1.798022
-2.470017
-3.602647
-6.040775
-16.091802
26.245986
7.128928
4.004835
2.683548
1.933316
1.438879
1.083248
0.813364
0.601929
0.433655
0.299458
0.193721
0.112882
0.054672
0.017672
0.001072
0.004527
0.028108
0.072310
0.138134
0.227257
0.342332
0.487519
0.669427
0.898868
1.194374
1.589896
2.153966
3.046726
4.745051
9.572256
282.678128
-10.286510
-4.927722
-3.130892
-2.203459
-1.623120
-1.218529
-0.917319
-0.683936
-0.499085
-0.351554
-0.234507
-0.143649
-0.076241
-0.030549
-0.005531
-0.000659
-0.015834
-0.051369
-0.108040
-0.187216
-0.291093
-0.423122
-0.588738
-0.796712
-1.061754
-1.410001
-1.891898
-2.617469
-3.877925
-6.769991
-22.120516
18.179271
6.328670
3.714255
2.530492
1.836768
1.371303
1.032829
0.774247
0.570921
0.408894
0.279806
0.178462
0.101559
0.046995
0.013469
0.000254
0.007077
0.034078
0.081830
0.151433
0.244701
0.364496
0.515309
0.704301
0.943265
1.252609
1.670245
2.274272
3.253127
5.201138
11.458837
-75.306377
-8.733779
-4.512807
-2.936701
-2.088348
-1.545481
-1.161917
-0.873999
-0.649838
-0.471896
-0.329883
-0.217488
-0.130732
-0.067075
-0.024916
-0.003310
-0.001805
-0.020370
-0.059391
-0.119732
-0.202879
-0.311206
-0.448433
-0.620439
-0.836760
-1.113526
-1.479736
-1.992332
-2.778817
-4.191852
-7.686753
-35.292734
13.890352
5.682509
3.458059
2.390229
1.746377
1.307210
0.984623
0.736670
0.541068
0.385056
0.260934
0.163891
0.090866
0.039913
0.009839
0.000001
0.010196
0.040633
0.091966
0.165398
0.262891
0.387532
0.544169
0.740569
0.989615
1.313825
1.755655
2.404494
3.483691
5.744854
14.246287
-33.206540
-7.578877
-4.156611
-2.761053
-1.981390
-1.472186
-1.107943
-0.832452
-0.617032
-0.445714
-0.309044
-0.201191
-0.118467
-0.058515
-0.019864
-0.001657
-0.003518
-0.025484
-0.068014
-0.132066
-0.219252
-0.332132
-0.474720
-0.653378
-0.878490
-1.167769
-1.553471
-2.100106
-2.956287
-4.553621
-8.875884
-86.940712
11.225920
5.149225
3.230255
2.261117
1.661527
1.246321
0.938485
0.700552
0.512324
0.362114
0.242823
0.149997
0.080795
0.033420
0.006780
0.000313
0.013886
0.047778
0.102725
0.180041
0.281845
0.411465
0.574141
0.778305
1.038048
1.378272
1.846665
2.546025
3.743209
6.405046
18.790489
-21.279927
-6.685217
-3.847156
-2.601271
-1.881684
-1.402854
-1.056422
-0.792575
-0.585459
-0.420503
-0.289015
-0.185602
-0.106843
-0.050556
-0.015388
-0.000571
-0.005798
-0.031178
-0.077245
-0.145052
-0.236348
-0.353893
-0.502018
-0.687616
-0.922003
-1.224672
-1.631592
-2.216137
-3.152618
-4.975606
-10.482462
188.182359
9.407881
4.701105
3.026170
2.141786
1.581683
1.188387
0.894288
0.665822
0.484644
0.340041
0.225457
0.136768
0.071340
0.027511
0.004291
0.001192
0.018150
0.055517
0.114115
0.195374
0.301581
0.436326
0.605275
0.817590
1.088710
1.446233
1.943903
2.700541
4.037840
7.224804
27.534096
-15.640307
-5.972326
-3.575521
-2.455173
-1.788459
-1.337149
-1.007186
-0.754279
-0.555065
-0.396232
-0.269775
-0.170706
-0.095852
-0.043193
-0.011487
-0.000050
-0.008648
-0.037455
-0.087088
-0.158700
-0.254182
-0.376512
-0.530365
-0.723215
-0.967413
-1.284447
-1.714542
-2.341504
-3.371210
-5.474858
-12.776874
45.172026
8.086658
4.318827
2.842109
2.031089
1.506382
1.133188
0.851914
0.632412
0.457990
0.318810
0.208820
0.124195
0.062494
0.022184
0.002369
0.002636
0.022990
0.063855
0.126144
0.211409
0.322119
0.462147
0.637621
0.858511
1.141760
1.518029
2.048096
2.870069
4.375631
8.271480
51.360441
-12.349805
-5.389712
-3.334924
-2.320966
-1.701056
-1.274775
-0.960086
-0.717480
-0.525802
-0.372869
-0.251306
-0.156493
-0.085487
-0.036422
-0.008158
-0.000095
-0.012067
-0.044321
-0.097552
-0.173021
-0.272772
-0.400017
-0.559805
-0.760246
-1.014842
-1.347331
-1.802828
-2.477489
-3.616341
-6.075555
-16.327369
25.645946
7.081896
3.988509
2.675113
1.928051
1.435217
1.080527
0.811258
0.600262
0.432324
0.298401
0.192897
0.112268
0.054251
0.017436
0.001015
0.004648
0.028409
0.072797
0.138820
0.228160
0.343482
0.488961
0.671236
0.901167
1.197379
1.594021
2.160093
3.057089
4.767303
9.656558
377.441943
-10.191196
-4.904094
-3.120120
-2.197158
-1.618903
-1.215470
-0.914985
-0.682101
-0.497623
-0.350388
-0.233590
-0.142951
-0.075741
-0.030237
-0.005399
-0.000705
-0.016059
-0.051778
-0.108642
-0.188025
-0.292135
-0.424435
-0.590382
-0.798787
-1.064430
-1.413590
-1.897033
-2.625626
-3.893470
-6.813147
-22.566078
17.888230
6.291123
3.699922
2.522779
1.831846
1.367833
1.030229
0.772225
0.569316
0.407612
0.278790
0.177675
0.100979
0.046607
0.013263
0.000226
0.007227
0.034409
0.082350
0.152154
0.245643
0.365691
0.516807
0.706181
0.945663
1.255766
1.674626
2.280891
3.264664
5.227457
11.578888
-70.583271
-8.664368
-4.492645
-2.926985
-2.082503
-1.541505
-1.159001
-0.871761
-0.648074
-0.470488
-0.328761
-0.216610
-0.130068
-0.066608
-0.024635
-0.003209
-0.001881
-0.020626
-0.059831
-0.120367
-0.203726
-0.312291
-0.449797
-0.622147
-0.838921
-1.116328
-1.483527
-1.997834
-2.787766
-4.209671
-7.741804
-36.437092
13.718891
5.651806
3.445362
2.383144
1.741762
1.303916
0.982135
0.734726
0.539523
0.383822
0.259958
0.163140
0.090318
0.039555
0.009663
0.000003
0.010376
0.040996
0.092519
0.166154
0.263873
0.388773
0.545724
0.742525
0.992120
1.317146
1.760317
2.411673
3.496627
5.776507
14.431096
-32.253092
-7.526022
-4.139185
-2.752237
-1.975950
-1.468428
-1.105162
-0.830304
-0.615334
-0.444358
-0.307966
-0.200350
-0.117837
-0.058080
-0.019613
-0.001586
-0.003624
-0.025770
-0.068487
-0.132736
-0.220137
-0.333260
-0.476136
-0.655154
-0.880743
-1.170706
-1.557484
-2.106020
-2.966159
-4.574278
-8.948630
