1000000
994291
977211
948926
909733
860054
800434
731535
654131
569094
477391
380071
278249
173102
65847
-42266
-149976
-256018
-359141
-458125
-551794
-639028
-718779
-790083
-852075
-903994
-945196
-975163
-993511
-999989
-994492
-977054
-947857
-907223
-855613
-793624
-721980
-641526
-553218
-458109
-357343
-252133
-143757
-33531
77194
187063
294720
398833
498110
591309
677263
754887
823196
881318
928504
964137
987743
998999
997732
983929
957732
919441
869511
808545
737289
656622
567547
471176
368722
261477
150803
38108
-75164
-187562
-297636
-403960
-505153
-599893
-686937
-765138
-833458
-890984
-936940
-970699
-991789
-999906
-994910
-976837
-945894
-902457
-847072
-780441
-703422
-617011
-522334
-420632
-313245
-201591
-87155
28536
143936
257493
367674
472986
571997
663353
745799
818197
879539
928965
965775
989435
999594
996079
978907
948282
904595
848416
780492
701734
613207
516114
411784
301650
187233
70117
-48066
-165669
-281041
-392558
-498645
-597797
-688599
-769751
-840084
-898577
-944374
-976794
-995347
-999736
-989867
-965848
-927990
-876805
-812997
-737455
-651240
-555570
-451806
-341431
-226027
-107259
13156
133471
251931
366803
476401
579108
673403
757882
831282
892497
940596
974840
994692
999824
990129
965716
926916
874276
808551
730692
641840
543301
436534
323125
204768
83235
-39642
-162011
-282017
-397833
-507691
-609906
-702904
-785246
-855650
-913013
-956425
-985191
-998837
-997118
-980028
-947797
-900890
-840001
-766044
-680139
-583596
-477895
-364664
-245656
-122721
2225
127227
250321
369566
483074
589042
685780
771737
845527
905954
952027
982982
998295
997686
981131
948861
901358
839355
763814
675925
577077
468842
352951
231264
105741
-21587
-148655
-273393
-393761
-507785
-613586
-709415
-793679
-864969
-922085
-964057
-990160
-999930
-993171
-969959
-930644
-875847
-806444
-723563
-628556
-522985
-408594
-287279
-161062
-32052
97587
225672
350041
468585
579285
680252
769751
846240
908389
955110
985575
999229
995804
975322
938100
884743
816133
733422
638007
531509
415746
292705
164505
33359
-98455
-228646
-354939
-475122
-587080
-688836
-778585
-854727
-915895
-960982
-989160
-999896
-992966
-968455
-926763
-868594
-794949
-707107
-606604
-495208
-374888
-247779
-116144
17662
151242
282191
408145
526820
636059
733866
818447
888240
941949
978564
997383
998028
980450
944935
892095
822866
738485
640474
530608
410890
283508
150803
15219
-120735
-254541
-383706
-505819
-618589
-719895
-807822
-880699
-937130
-976025
-996619
-998487
-981559
-946115
-892788
-822551
-736700
-636831
-524812
-402747
-272939
-137847
-37
137863
273218
403427
525986
638524
738858
825033
895360
948449
983242
999028
995466
972585
930794
870868
793939
701476
595252
477320
349966
215668
77050
-63171
-202240
-337413
-466014
-585490
-693459
-787760
-866497
-928074
-971235
-995085
-999111
-983194
-947614
-893046
-820546
-731536
-627771
-511312
-384479
-249812
-110014
32096
173647
311768
443648
566595
678091
775841
857825
922338
968028
993922
999454
984469
949239
894448
821190
730941
625534
507120
378129
241215
99207
-44952
-188267
-327746
-460473
-583661
-694715
-791284
-871318
-933103
-975306
-997002
-997696
-977332
-936304
-875439
-795990
-699608
-588309
-464431
-330588
-189616
-44509
101637
245699
384587
515311
635049
741205
831469
903865
956798
989089
999999
989254
957047
904037
831338
740498
633462
512538
380340
239742
93807
-54273
-201252
-343896
-479058
-603745
-715186
-810896
-888728
-946926
-984165
-999578
-992784
-963893
-913509
-842717
-753061
-646511
-525423
-392484
-250657
-103112
46840
195828
340490
477550
603897
716652
813234
891424
949412
985843
999848
991068
959662
906308
832186
738957
628726
503993
367599
222663
72511
-79403
-229574
-374524
-510889
-635491
-745417
-838087
-911314
-963358
-992968
-999411
-982497
-942579
-880553
-797834
-696329
-578390
-446766
-304534
-155033
-1782
151601
301484
444307
576667
695400
797658
880974
943329
983197
999585
992060
960761
906396
830231
734059
620160
491248
350409
201023
46688
-108865
-261870
-408609
-545503
-669206
-776682
-865283
-932811
-977581
-998458
-994887
-966916
-915187
-840932
-745939
-632513
-503420
-361820
-211194
-55255
102143
257097
405754
544406
669584
778146
867352
934943
979190
998944
993670
963456
909019
831687
733367
616504
484014
339219
185761
27511
-131524
-287312
-435887
-573456
-696497
-801847
-886787
-949112
-987188
-999999
-987174
-948998
-886410
-800979
-694867
-570775
-431878
-281740
-124227
36590
196550
351496
497391
630425
747110
844375
919647
970923
996819
996616
970274
918442
842438
744224
626349
491890
344368
187662
25904
-136630
-295630
-446869
-586314
-710234
-815302
-898685
-958120
-991979
-999313
-979883
-934165
-863342
-769277
-654462
-521955
-375302
-218436
-55582
108865
270454
424798
567695
695244
803948
890818
953448
990089
999697
981965
937334
866983
772800
657336
523729
375630
217097
52488
-113660
-276755
-432277
-575902
-703627
-811878
-897614
-958411
-992534
-998989
-977549
-928771
-853973
-755209
-635212
-497315
-345366
-183618
-16610
150954
314347
468945
610359
734563
838007
917724
971408
997492
995188
964517
906308
822179
714496
586302
441238
283440
117418
-52067
-220144
-381968
-532861
-668449
-784790
-878485
-946786
-987671
-999910
-983101
-937688
-864947
-766955
-646532
-507160
-352885
-188198
-17910
152992
319492
476687
619937
744998
848155
926328
977166
999123
991503
954484
889121
797309
681737
545810
393546
229462
58439
-114418
-283942
-445047
-592889
-723009
-831468
-914970
-970960
-997708
-994361
-960973
-898507
-808808
-694553
-559170
-406736
-241860
-69538
104989
276405
439473
589195
720972
830740
915102
971427
997945
993792
959050
894741
802803
686033
548001
392944
225639
51254
-124810
-297088
-460214
-609098
-739078
-846069
-926697
-978400
-999517
-989338
-948136
-877155
-778581
-655471
-511664
-351660
-180482
-3518
173646
345405
506311
651245
775582
875341
947311
989159
999507
977974
925203
842830
733448
600519
448270
281557
105715
-73613
-250663
-419723
-575330
-712437
-826585
-914047
-971949
-998370
-992405
-954199
-884947
-786854
-663076
-517609
-355171
-181045
-910
179343
353808
516750
662800
787132
885621
954983
992889
998039
970215
910288
820194
702874
562180
402748
229851
49221
-133136
-311145
-478858
-630658
-761444
-866809
-943184
-987965
-999602
-977655
-922812
-836872
-722685
-584062
-425648
-252768
-71252
112765
293050
463478
618245
752066
860354
939383
986416
999799
979026
924757
838802
724059
584423
424653
250209
67073
-118460
-300001
-471278
-626361
-759863
-867135
-944421
-988999
-999273
-974837
-916490
-826214
-707108
-563284
-399727
-222124
-36666
150163
331820
501924
654486
784119
886228
957178
994423
996600
963583
896487
797638
670491
519512
350027
168028
-20032
-207468
-387603
-554003
-700709
-822451
-914841
-974529
-999330
-988305
-941797
-861429
-750041
-611599
-451054
-274164
-87293
102819
289304
465401
624716
761444
870589
948146
991247
998275
968922
904208
806446
679161
526969
355409
170741
-20277
-210640
-393350
-561672
-709388
-831023
-922053
-979071
-999923
-983786
-931206
-844080
-725593
-580102
-412978
-230408
-39173
153611
340753
515255
670575
800873
901235
967856
998189
991043
946635
866584
753856
612655
448270
266878
75312
-119191
-309270
-487711
-647728
-783215
-888990
-960984
-996409
-993865
-953394
-876491
-766046
-626237
-462379
-280721
-88208
107780
299715
480205
642284
779678
887051
960216
996298
993849
952911
875018
763141
621578
455792
272198
77921
-119480
-312310
-493033
-654569
-790572
-895682
-965739
-997945
-990984
-945078
-861978
-744904
-598425
-428278
-241146
-44402
154185
346760
525683
683839
814922
913689
976167
999821
983656
928262
835797
709904
555572
378938
187048
-12427
-211493
-402153
-576733
-728186
-850381
-938354
-988509
-998771
-968670
-899371
-793625
-655671
-491060
-306439
-109285
92401
290416
476686
643599
784316
893052
965320
998112
990032
941357
854030
731587
579014
402549
209428
7589
-194650
-388942
-567245
-722160
-847244
-937272
-988464
-998643
-967332
-895778
-786905
-645201
-476531
-287899
-87158
117314
316967
503432
668874
806324
909973
975420
999860
982212
923162
825148
692256
530055
345367
145980
-59677
-262895
-455043
-627945
-774226
-887625
-963270
-997887
-989945
-939727
-849326
-722554
-564793
-382761
-184235
22284
227936
423875
601655
753596
873112
955005
995687
993348
948032
861646
737880
582055
400893
202235
-5303
-212700
-410919
-591307
-745967
-868110
-952356
-994969
-994029
-949522
-863343
-739222
-582565
-400219
-200179
8765
217412
416553
597379
751873
873165
955841
996188
992360
944471
854592
726668
566344
380721
178043
-32666
-242005
-440614
-619593
-770903
-887725
-964777
-998548
-987464
-931969
-834502
-699402
-532711
-341912
-135590
76946
286092
482371
656873
801656
910109
977258
0
0
0
0
0
0
0
0
0
0
0
0
0
0
0
0
0
0
0
0
0
0
0
0
0
0
0
0
0
0
0
0
0
0
0
0
0
0
0
0
0
0
0
0
0
0
0
0
0
0
0
0
0
0
0
0
0
0
0
0
0
0
0
0
0
0
0
0
0
0
0
0
0
0
0
0
0
0
0
0
0
0
0
0
0
0
0
0
0
0
0
0
0
0
0
0
0
0
0
0
0
0
0
0
0
0
0
0
0
0
0
0
0
0
0
0
0
0
0
0
0
0
0
0
0
0
0
0
0
0
0
0
0
0
0
0
0
0
0
0
0
0
0
0
0
0
0
0
0
0
0
0
0
0
0
0
0
0
0
0
0
0
0
0
0
0
0
0
0
0
0
0
0
0
0
0
0
0
0
0
0
0
0
0
0
0
0
0
0
0
0
0
0
0
0
0
0
0
0
0
0
0
0
0
0
0
0
0
0
0
0
0
0
0
0
0
0
0
0
0
0
0
0
0
0
0
0
0
0
0
0
0
0
0
0
0
0
0
0
0
0
0
0
0
0
0
0
0
0
0
0
0
0
0
0
0
0
0
0
0
0
0
0
0
0
0
0
0
0
0
0
0
0
0
0
0
0
0
0
0
0
0
0
0
0
0
0
0
0
0
0
0
0
0
0
0
0
0
0
0
0
0
0
0
0
0
0
0
0
0
0
0
0
0
0
0
0
0
0
0
0
0
0
0
0
0
0
0
0
0
0
0
0
0
0
0
0
0
0
0
0
0
0
0
0
0
0
0
0
0
0
0
0
0
0
0
0
0
0
0
0
0
0
0
0
0
0
0
0
0
0
0
0
0
0
0
0
0
0
0
0
0
0
0
0
0
0
0
0
0
0
0
0
0
0
0
0
0
0
0
0
0
0
0
0
0
0
0
0
0
0
0
0
0
0
0
0
0
0
0
0
0
0
0
0
0
0
0
0
0
0
0
0
0
0
0
0
0
0
0
0
0
0
0
0
0
0
0
0
0
0
0
0
0
0
0
0
0
0
0
0
0
0
0
0
0
0
0
0
0
0
0
0
0
0
0
0
0
0
0
0
0
0
0
0
0
0
0
0
0
0
0
0
0
0
0
0
0
0
0
0
0
0
0
0
0
0
0
0
0
0
0
0
0
0
0
0
0
0
0
0
0
0
0
0
0
0
0
0
0
0
0
0
0
0
0
0
0
0
0
0
0
0
0
0
0
0
0
0
0
0
0
0
0
0
0
0
0
0
0
0
0
0
0
0
0
0
0
0
0
0
0
0
0
0
0
0
0
0
0
0
0
0
0
0
0
0
0
0
0
0
0
0
0
0
0
0
0
0
0
0
0
0
0
0
0
0
0
0
0
0
0
0
0
0
0
0
0
0
0
0
0
0
0
0
0
0
0
0
0
0
0
0
0
0
0
0
0
0
0
0
0
0
0
0
0
0
0
0
0
0
0
0
0
0
0
0
0
0
0
0
0
0
0
0
0
0
0
0
0
0
0
0
0
0
0
0
0
0
0
0
0
0
0
0
0
0
0
0
0
0
0
0
0
0
0
0
0
0
0
0
0
0
0
0
0
0
0
0
0
0
0
0
0
0
0
0
0
0
0
0
0
0
0
0
0
0
0
0
0
0
0
0
0
0
0
0
0
0
0
0
0
0
0
0
0
0
0
0
0
0
0
0
0
0
0
0
0
0
0
0
0
0
0
0
0
0
0
0
0
0
0
0
0
0
0
0
0
0
0
0
0
0
0
0
0
0
0
0
0
0
0
0
0
0
0
0
0
0
0
0
0
0
0
0
0
0
0
0
0
0
0
0
0
0
0
0
0
0
0
0
0
0
0
0
0
0
0
0
0
0
0
0
0
0
0
0
0
0
0
0
0
0
0
0
0
0
0
0
0
0
0
0
0
0
0
0
0
0
0
0
0
0
0
0
0
0
0
0
0
0
0
0
0
0
0
0
0
0
0
0
0
0
0
0
0
0
0
0
0
0
0
0
0
0
0
0
0
0
0
0
0
0
0
0
0
0
0
0
0
0
0
0
0
0
0
0
0
0
0
0
0
0
0
0
0
0
0
0
0
0
0
0
0
0
0
0
0
0
0
0
0
0
0
0
0
0
0
0
0
0
0
0
0
0
0
0
0
0
0
0
0
0
0
0
0
0
0
0
0
0
0
0
0
0
0
0
0
0
0
0
0
0
0
0
0
0
0
0
0
0
0
0
0
0
0
0
0
0
0
0
0
0
0
0
0
0
0
0
0
0
0
0
0
0
0
0
0
0
0
0
0
0
0
0
0
0
0
0
0
0
0
0
0
0
0
0
0
0
0
0
0
0
0
0
0
0
0
0
0
0
0
0
0
0
0
0
0
0
0
0
0
0
0
0
0
0
0
0
0
0
0
0
0
0
0
0
0
0
0
0
0
0
0
0
0
0
0
0
0
0
0
0
0
0
0
0
0
0
0
0
0
0
0
0
0
0
0
0
0
0
0
0
0
0
0
0
0
0
0
0
0
0
0
0
0
0
0
0
0
0
0
0
0
0
0
0
0
0
0
0
0
0
0
0
0
0
0
0
0
0
0
0
0
0
0
0
0
0
0
0
0
0
0
0
0
0
0
0
0
0
0
0
0
0
0
0
0
0
0
0
0
0
0
0
0
0
0
0
0
0
0
0
0
0
0
0
0
0
0
0
0
0
0
0
0
0
0
0
0
0
0
0
0
0
0
0
0
0
0
0
0
0
0
0
0
0
0
0
0
0
0
0
0
0
0
0
0
0
0
0
0
0
0
0
0
0
0
0
0
0
0
0
0
0
0
0
0
0
0
0
0
0
0
0
0
0
0
0
0
0
0
0
0
0
0
0
0
0
0
0
0
0
0
0
0
0
0
0
0
0
0
0
0
0
0
0
0
0
0
0
0
0
0
0
0
0
0
0
0
0
0
0
0
0
0
0
0
0
0
0
0
0
0
0
0
0
0
0
0
0
0
0
0
0
0
0
0
0
0
0
0
0
0
0
0
0
0
0
0
0
0
0
0
0
0
0
0
0
0
0
0
0
0
0
0
0
0
0
0
0
0
0
0
0
0
0
0
0
0
0
0
0
0
0
0
0
0
0
0
0
0
0
0
0
0
0
0
0
0
0
0
0
0
0
0
0
0
0
0
0
0
0
0
0
0
0
0
0
0
0
0
0
0
0
0
0
0
0
0
0
0
0
0
0
0
0
0
0
0
0
0
0
0
0
0
0
0
0
0
0
0
0
0
0
0
0
0
0
0
0
0
0
0
0
0
0
0
0
0
0
0
0
0
0
0
0
0
0
0
0
0
0
0
0
0
0
0
0
0
0
0
0
0
0
0
0
0
0
0
0
0
0
0
0
0
0
0
0
0
0
0
0
0
0
0
0
0
0
0
0
0
0
0
0
0
0
0
0
0
0
0
0
0
0
0
0
0
0
0
0
0
0
0
0
0
0
0
0
0
0
0
0
0
0
0
0
0
0
0
0
0
0
0
0
0
0
0
0
0
0
0
0
0
0
0
0
0
0
0
0
0
0
0
0
0
0
0
0
0
0
0
0
0
0
0
0
0
0
0
0
0
0
0
0
0
0
0
0
0
0
0
0
0
0
0
0
0
0
0
0
0
0
0
0
0
0
0
0
0
0
0
0
0
0
0
0
0
0
0
0
0
0
0
0
0
0
0
0
0
0
0
0
0
0
0
0
0
0
0
0
0
0
0
0
0
0
0
0
0
0
0
0
0
0
0
0
0
0
0
0
0
0
0
0
0
0
0
0
0
0
0
0
0
0
0
0
0
0
0
0
0
0
0
0
0
0
0
0
0
0
0
0
0
0
0
0
0
0
0
0
0
0
0
0
0
0
0
0
0
0
0
0
0
0
0
0
0
0
0
0
0
0
0
0
0
0
0
0
0
0
0
0
0
0
0
0
0
0
0
0
0
0
0
0
0
0
0
0
0
0
0
0
0
0
0
0
0
0
0
0
0
0
0
0
0
0
0
0
0
0
0
0
0
0
0
0
0
0
0
0
0
0
0
0
0
0
0
0
0
0
0
0
0
0
0
0
0
0
0
0
0
0
0
0
0
0
0
0
0
0
0
0
0
0
0
0
0
0
0
0
0
0
0
0
0
0
0
0
0
0
0
0
0
0
0
0
0
0
0
0
0
0
0
0
0
0
0
0
0
0
0
0
0
0
0
0
0
0
0
0
0
0
0
0
0
0
0
0
0
0
0
0
0
0
0
0
0
0
0
0
0
0
0
0
0
0
0
0
0
0
0
0
0
0
0
0
0
0
0
0
0
0
0
0
0
0
0
0
0
0
0
0
0
0
0
0
0
0
0
0
0
0
0
0
0
0
0
0
0
0
0
0
0
0
0
0
0
0
0
0
0
0
0
0
0
0
0
0
0
0
0
0
0
0
0
0
0
0
0
0
0
0
0
0
0
0
0
0
0
0
0
0
0
0
0
0
0
0
0
0
0
0
0
0
0
0
0
0
0
0
0
0
0
0
0
0
0
0
0
0
0
0
0
0
0
0
0
0
0
0
0
0
0
0
0
0
0
0
0
0
0
0
0
0
0
0
0
0
0
0
0
0
0
0
0
0
0
0
0
0
0
0
0
0
0
0
0
0
0
0
0
0
0
0
0
0
0
0
0
0
0
0
0
0
0
0
0
0
0
0
0
0
0
0
0
0
0
0
0
0
0
0
0
0
0
0
0
0
0
0
0
0
0
0
0
0
0
0
0
0
0
0
0
0
0
0
0
0
0
0
0
0
0
0
0
0
0
0
0
0
0
0
0
0
0
0
0
0
0
0
0
0
0
0
0
0
0
0
0
0
0
0
0
0
0
0
0
0
0
0
0
0
0
0
0
0
0
0
0
0
0
0
0
0
0
0
0
0
0
0
0
0
0
0
0
0
0
0
0
0
0
0
0
0
0
0
0
0
0
0
0
0
0
0
0
0
0
0
0
0
0
0
0
0
0
0
0
0
0
0
0
0
0
0
0
0
0
0
0
0
0
0
0
0
0
0
0
0
0
0
0
0
0
0
0
0
0
0
0
0
0
0
0
0
0
0
0
0
0
0
0
0
0
0
0
0
0
0
0
0
0
0
0
0
0
0
0
0
0
0
0
0
0
0
0
0
0
0
0
0
0
0
0
0
0
0
0
0
0
0
0
0
0
0
0
0
0
0
0
0
0
0
0
0
0
0
0
0
0
0
0
0
0
0
0
0
0
0
0
0
0
0
0
0
0
0
0
0
0
0
0
0
0
0
0
0
0
0
0
0
0
0
0
0
0
0
0
0
0
0
0
0
0
0
0
0
0
0
0
0
0
0
0
0
0
0
0
0
0
0
0
0
0
0
0
0
0
0
0
0
0
0
0
0
0
0
0
0
0
0
0
0
0
0
0
0
0
0
0
0
0
0
0
0
0
0
0
0
0
0
0
0
0
0
0
0
0
0
0
0
0
0
0
0
0
0
0
0
0
0
0
0
0
0
0
0
0
0
0
0
0
0
0
0
0
0
0
0
0
0
0
0
0
0
0
0
0
0
0
0
0
0
0
0
0
0
0
0
0
0
0
0
0
0
0
0
0
0
0
0
0
0
0
0
0
0
0
0
0
0
0
0
0
0
0
0
0
0
0
0
0
0
0
0
0
0
0
0
0
0
0
0
0
0
0
0
0
0
0
0
0
0
0
0
0
0
0
0
0
0
0
0
0
0
0
0
0
0
0
0
0
0
0
0
0
0
0
0
0
0
0
0
0
0
0
0
0
0
0
0
0
0
0
0
0
0
0
0
0
0
0
0
0
0
0
0
0
0
0
0
0
0
0
0
0
0
0
0
0
0
0
0
0
0
0
0
0
0
0
0
0
0
0
0
0
0
0
0
0
0
0
0
0
0
0
0
0
0
0
0
0
0
0
0
0
0
0
0
0
0
0
0
0
0
0
0
0
0
0
0
0
0
0
0
0
0
0
0
0
0
0
0
0
0
0
0
0
0
0
0
0
0
0
0
0
0
0
0
0
0
0
0
0
0
0
0
0
0
0
0
0
0
0
0
0
0
0
0
0
0
0
0
0
0
0
0
0
0
0
0
0
0
0
0
0
0
0
0
0
0
0
0
0
0
0
0
0
0
0
0
0
0
0
0
0
0
0
0
0
0
0
0
0
0
0
0
0
0
0
0
0
0
0
0
0
0
0
0
0
0
0
0
0
0
0
0
0
0
0
0
0
0
0
0
0
0
0
0
0
0
0
0
0
0
0
0
0
0
0
0
0
0
0
0
0
0
0
0
0
0
0
0
0
0
0
0
0
0
0
0
0
0
0
0
0
0
0
0
0
0
0
0
0
0
0
0
0
0
0
0
0
0
0
0
0
0
0
0
0
0
0
0
0
0
0
0
0
0
0
0
0
0
0
0
0
0
0
0
0
0
0
0
0
0
0
0
0
0
0
0
0
0
0
0
0
0
0
0
0
0
0
0
0
0
0
0
0
0
0
0
0
0
0
0
0
0
0
0
0
0
0
0
0
0
0
0
0
0
0
0
0
0
0
0
0
0
0
0
0
0
0
0
0
0
0
0
0
0
0
0
0
0
0
0
0
0
0
0
0
0
0
0
0
0
0
0
0
0
0
0
0
0
0
0
0
0
0
0
0
0
0
0
0
0
0
0
0
0
0
0
0
0
0
0
0
0
0
0
0
0
0
0
0
0
0
0
0
0
0
0
0
0
0
0
0
0
0
0
0
0
0
0
0
0
0
0
0
0
0
0
0
0
0
0
0
0
0
0
0
0
0
0
0
0
0
0
0
0
0
0
0
0
0
0
0
0
0
0
0
0
0
0
0
0
0
0
0
0
0
0
0
0
0
0
0
0
0
0
0
0
0
0
0
0
0
0
0
0
0
0
0
0
0
0
0
0
0
0
0
0
0
0
0
0
0
0
0
0
0
0
0
0
0
0
0
0
0
0
0
0
0
0
0
0
0
0
0
0
0
0
0
0
0
0
0
0
0
0
0
0
0
0
0
0
0
0
0
0
0
0
0
0
0
0
0
0
0
0
0
0
0
0
0
0
0
0
0
0
0
0
0
0
0
0
0
0
0
0
0
0
0
0
0
0
0
0
0
0
0
0
0
0
0
0
0
0
0
0
0
0
0
0
0
0
0
0
0
0
0
0
0
0
0
0
0
0
0
0
0
0
0
0
0
0
0
0
0
0
0
0
0
0
0
0
0
0
0
0
0
0
0
0
0
0
0
0
0
0
0
0
0
0
0
0
0
0
0
0
0
0
0
0
0
0
0
0
0
0
0
0
0
0
0
0
0
0
0
0
0
0
0
0
0
0
0
0
0
0
0
0
0
0
0
0
0
0
0
0
0
0
0
0
0
0
0
0
0
0
0
0
0
0
0
0
0
0
0
0
0
0
0
0
0
0
0
0
0
0
0
0
0
0
0
0
0
0
0
0
0
0
0
0
0
0
0
0
0
0
0
0
0
0
0
0
0
0
0
0
0
0
0
0
0
0
0
0
0
0
0
0
0
0
0
0
0
0
0
0
0
0
0
0
0
0
0
0
0
0
0
0
0
0
0
0
0
0
0
0
0
0
0
0
0
0
0
0
0
0
0
0
0
0
0
0
0
0
0
0
0
0
0
0
0
0
0
0
0
0
0
0
0
0
0
0
0
0
0
0
0
0
0
0
0
0
0
0
0
0
0
0
0
0
0
0
0
0
0
0
0
0
0
0
0
0
0
0
0
0
0
0
0
0
0
0
0
0
0
0
0
0
0
0
0
0
0
0
0
0
0
0
0
0
0
0
0
0
0
0
0
0
0
0
0
0
0
0
0
0
0
0
0
0
0
0
0
0
0
0
0
0
0
0
0
0
0
0
0
0
0
0
0
0
0
0
0
0
0
0
0
0
0
0
0
0
0
0
0
0
0
0
0
0
0
0
0
0
0
0
0
0
0
0
0
0
0
0
0
0
0
0
0
0
0
0
0
0
0
0
0
0
0
0
0
0
0
0
0
0
0
0
0
0
0
0
0
0
0
0
0
0
0
0
0
0
0
0
0
0
0
0
0
0
0
0
0
0
0
0
0
0
0
0
0
0
0
0
0
0
0
0
0
0
0
0
0
0
0
0
0
0
0
0
0
0
0
0
0
0
0
0
0
0
0
0
0
0
0
0
0
0
0
0
0
0
0
0
0
0
0
0
0
0
0
0
0
0
0
0
0
0
0
0
0
0
0
0
0
0
0
0
0
0
0
0
0
0
0
0
0
0
0
0
0
0
0
0
0
0
0
0
0
0
0
0
0
0
0
0
0
0
0
0
0
0
0
0
0
0
0
0
0
0
0
0
0
0
0
0
0
0
0
0
0
0
0
0
0
0
0
0
0
0
0
0
0
0
0
0
0
0
0
0
0
0
0
0
0
0
0
0
0
0
0
0
0
0
0
0
0
0
0
0
0
0
0
0
0
0
0
0
0
0
0
0
0
0
0
0
0
0
0
0
0
0
0
0
0
0
0
0
0
0
0
0
0
0
0
0
0
0
0
0
0
0
0
0
0
0
0
0
0
0
0
0
0
0
0
0
0
0
0
0
0
0
0
0
0
0
0
0
0
0
0
0
0
0
0
0
0
0
0
0
0
0
0
0
0
0
0
0
0
0
0
0
0
0
0
0
0
0
0
0
0
0
0
0
0
0
0
0
0
0
0
0
0
0
0
0
0
0
0
0
0
0
0
0
0
0
0
0
0
0
0
0
0
0
0
0
0
0
0
0
0
0
0
0
0
0
0
0
0
0
0
0
0
0
0
0
0
0
0
0
0
0
0
0
0
0
0
0
0
0
0
0
0
0
0
0
0
0
0
0
0
0
0
0
0
0
0
0
0
0
0
0
0
0
0
0
0
0
0
0
0
0
0
0
0
0
0
0
0
0
0
0
0
0
0
0
0
0
0
0
0
0
0
0
0
0
0
0
0
0
0
0
0
0
0
0
0
0
0
0
0
0
0
0
0
0
0
0
0
0
0
0
0
0
0
0
0
0
0
0
0
0
0
0
0
0
0
0
0
0
0
0
0
0
0
0
0
0
0
0
0
0
0
0
0
0
0
0
0
0
0
0
0
0
0
0
0
0
0
0
0
0
0
0
0
0
0
0
0
0
0
0
0
0
0
0
0
0
0
0
0
0
0
0
0
0
0
0
0
0
0
0
0
0
0
0
0
0
0
0
0
0
0
0
0
0
0
0
0
0
0
0
0
0
0
0
0
0
0
0
0
0
0
0
0
0
0
0
0
0
0
0
0
0
0
0
0
0
0
0
0
0
0
0
0
0
0
0
0
0
0
0
0
0
0
0
0
0
0
0
0
0
0
0
0
0
0
0
0
0
0
0
0
0
0
0
0
0
0
0
0
0
0
0
0
0
0
0
0
0
0
0
0
0
0
0
0
0
0
0
0
0
0
0
0
0
0
0
0
0
0
0
0
0
0
0
0
0
0
0
0
0
0
0
0
0
0
0
0
0
0
0
0
0
0
0
0
0
0
0
0
0
0
0
0
0
0
0
0
0
0
0
0
0
0
0
0
0
0
0
0
0
0
0
0
0
0
0
0
0
0
0
0
0
0
0
0
0
0
0
0
0
0
0
0
0
0
0
0
0
0
0
0
0
0
0
0
0
0
0
0
0
0
0
0
0
0
0
0
0
0
0
0
0
0
0
0
0
0
0
0
0
0
0
0
0
0
0
0
0
0
0
0
0
0
0
0
0
0
0
0
0
0
0
0
0
0
0
0
0
0
0
0
0
0
0
0
0
0
0
0
0
0
0
0
0
0
0
0
0
0
0
0
0
0
0
0
0
0
0
0
0
0
0
0
0
0
0
0
0
0
0
0
0
0
0
0
0
0
0
0
0
0
0
0
0
0
0
0
0
0
0
0
0
0
0
0
0
0
0
0
0
0
0
0
0
0
0
0
0
0
0
0
0
0
0
0
0
0
0
0
0
0
0
0
0
0
0
0
0
0
0
0
0
0
0
0
0
0
0
0
0
0
0
0
0
0
0
0
0
0
0
0
0
0
0
0
0
0
0
0
0
0
0
0
0
0
0
0
0
0
0
0
0
0
0
0
0
0
0
0
0
0
0
0
0
0
0
0
0
0
0
0
0
0
0
0
0
0
0
0
0
0
0
0
0
0
0
0
0
0
0
0
0
0
0
0
0
0
0
0
0
0
0
0
0
0
0
0
0
0
0
0
0
0
0
0
0
0
0
0
0
0
0
0
0
0
0
0
0
0
0
0
0
0
0
0
0
0
0
0
0
0
0
0
0
0
0
0
0
0
0
0
0
0
0
0
0
0
0
0
0
0
0
0
0
0
0
0
0
0
0
0
0
0
0
0
0
0
0
0
0
0
0
0
0
0
0
0
0
0
0
0
0
0
0
0
0
0
0
0
0
0
0
0
0
0
0
0
0
0
0
0
0
0
0
0
0
0
0
0
0
0
0
0
0
0
0
0
0
0
0
0
0
0
0
0
0
0
0
0
0
0
0
0
0
0
0
0
0
0
