0.000000
0.000000
0.000000
0.000000
0.000000
0.000000
0.000000
0.000000
0.000000
0.000000
0.000000
0.000000
0.000000
0.000000
0.000000
0.000000
0.000000
0.000000
0.000000
0.000000
0.000000
0.000000
0.000000
0.000000
0.000000
0.000000
0.000000
0.000000
0.000000
0.000000
0.000000
0.000000
0.000000
0.000000
0.000000
0.000000
0.000000
0.000000
0.000000
0.000000
0.000000
0.000000
0.000000
0.000000
0.000000
0.000000
0.000000
0.000000
0.000000
0.000000
0.000000
0.000000
0.000000
0.000000
0.000000
0.000000
0.000000
0.000000
0.000000
0.000000
0.000000
0.000000
0.000000
0.000000
0.000000
0.000000
0.000000
0.000000
0.000000
0.000000
0.000000
0.000000
0.000000
0.000000
0.000000
0.000000
0.000000
0.000000
0.000000
0.000000
0.000000
0.000000
0.000000
0.000000
0.000000
0.000000
0.000000
0.000000
0.000000
0.000000
0.000000
0.000000
0.000000
0.000000
0.000000
0.000000
0.000000
0.000000
0.000000
0.000000
241081.913715
340083.596667
415462.502285
478515.625000
533630.200058
583061.790843
628153.474836
669782.351542
708559.019001
744929.018672
779229.412170
811722.603606
842617.687982
872084.528859
900263.382202
927271.677380
953208.919645
978160.313953
1002199.495896
1025390.625000
1047790.013592
1069447.411427
1090407.031120
1110708.375634
1130386.912686
1149474.629352
1168000.491933
1185990.830179
1203469.660549
1220458.959956
1236978.898969
1253048.041589
1268683.517293
1283901.169892
1298715.686951
1313140.712755
1327188.947339
1340872.233609
1354201.634273
1367187.500000
1379839.529991
1392166.825985
1404177.940542
1415880.920317
1427283.344964
1438392.362183
1449214.719371
1459756.792270
1470024.610949
1480023.883421
1489760.017142
1499238.138635
1508463.111409
1517439.552373
1526171.846880
1534664.162544
1542920.461937
1550944.514292
1558739.906284
1566310.051987
1573658.202072
1580787.452323
1587700.751520
1594400.908747
1600890.600175
1607172.375363
1613248.663104
1619121.776881
1624793.919921
1630267.189922
1635543.583442
1640625.000000
1645513.245888
1650210.037735
1654717.005826
1659035.697199
1663167.578530
1667114.038824
1670876.391927
1674455.878856
1677853.669976
1681070.867022
1684108.504975
1686967.553804
1689648.920081
1692153.448465
1694481.923083
1696635.068788
1698613.552315
1700417.983337
1702048.915420
1703506.846887
1704792.221587
1705905.429576
1706846.807716
1707616.640187
1708215.158919
1708642.543938
1708898.923645
1708984.375000
1708898.923645
1708642.543938
1708215.158919
1707616.640187
1706846.807716
1705905.429576
1704792.221587
1703506.846887
1702048.915420
1700417.983337
1698613.552315
1696635.068788
1694481.923083
1692153.448465
1689648.920081
1686967.553804
1684108.504975
1681070.867022
1677853.669976
1674455.878856
1670876.391927
1667114.038824
1663167.578530
1659035.697199
1654717.005826
1650210.037735
1645513.245888
1640625.000000
1635543.583442
1630267.189922
1624793.919921
1619121.776881
1613248.663104
1607172.375363
1600890.600175
1594400.908747
1587700.751520
1580787.452323
1573658.202072
1566310.051987
1558739.906284
1550944.514292
1542920.461937
1534664.162544
1526171.846880
1517439.552373
1508463.111409
1499238.138635
1489760.017142
1480023.883421
1470024.610949
1459756.792270
1449214.719371
1438392.362183
1427283.344964
1415880.920317
1404177.940542
1392166.825985
1379839.529991
1367187.500000
1354201.634273
1340872.233609
1327188.947339
1313140.712755
1298715.686951
1283901.169892
1268683.517293
1253048.041589
1236978.898969
1220458.959956
1203469.660549
1185990.830179
1168000.491933
1149474.629352
1130386.912686
1110708.375634
1090407.031120
1069447.411427
1047790.013592
1025390.625000
1002199.495896
978160.313953
953208.919645
927271.677380
900263.382202
872084.528859
842617.687982
811722.603606
779229.412170
744929.018672
708559.019001
669782.351542
628153.474836
583061.790843
533630.200058
478515.625000
415462.502285
340083.596667
241081.913715
0.000000
241081.913715
340083.596667
415462.502285
478515.625000
533630.200058
583061.790843
628153.474836
669782.351542
708559.019001
744929.018672
779229.412170
811722.603606
842617.687982
872084.528859
900263.382202
927271.677380
953208.919645
978160.313953
1002199.495896
1025390.625000
1047790.013592
1069447.411427
1090407.031120
1110708.375634
1130386.912686
1149474.629352
1168000.491933
1185990.830179
1203469.660549
1220458.959956
1236978.898969
1253048.041589
1268683.517293
1283901.169892
1298715.686951
1313140.712755
1327188.947339
1340872.233609
1354201.634273
1367187.500000
1379839.529991
1392166.825985
1404177.940542
1415880.920317
1427283.344964
1438392.362183
1449214.719371
1459756.792270
1470024.610949
1480023.883421
1489760.017142
1499238.138635
1508463.111409
1517439.552373
1526171.846880
1534664.162544
1542920.461937
1550944.514292
1558739.906284
1566310.051987
1573658.202072
1580787.452323
1587700.751520
1594400.908747
1600890.600175
1607172.375363
1613248.663104
1619121.776881
1624793.919921
1630267.189922
1635543.583442
1640625.000000
1645513.245888
1650210.037735
1654717.005826
1659035.697199
1663167.578530
1667114.038824
1670876.391927
1674455.878856
1677853.669976
1681070.867022
1684108.504975
1686967.553804
1689648.920081
1692153.448465
1694481.923083
1696635.068788
1698613.552315
1700417.983337
1702048.915420
1703506.846887
1704792.221587
1705905.429576
1706846.807716
1707616.640187
1708215.158919
1708642.543938
1708898.923645
1708984.375000
1708898.923645
1708642.543938
1708215.158919
1707616.640187
1706846.807716
1705905.429576
1704792.221587
1703506.846887
1702048.915420
1700417.983337
1698613.552315
1696635.068788
1694481.923083
1692153.448465
1689648.920081
1686967.553804
1684108.504975
1681070.867022
1677853.669976
1674455.878856
1670876.391927
1667114.038824
1663167.578530
1659035.697199
1654717.005826
1650210.037735
1645513.245888
1640625.000000
1635543.583442
1630267.189922
1624793.919921
1619121.776881
1613248.663104
1607172.375363
1600890.600175
1594400.908747
1587700.751520
1580787.452323
1573658.202072
1566310.051987
1558739.906284
1550944.514292
1542920.461937
1534664.162544
1526171.846880
1517439.552373
1508463.111409
1499238.138635
1489760.017142
1480023.883421
1470024.610949
1459756.792270
1449214.719371
1438392.362183
1427283.344964
1415880.920317
1404177.940542
1392166.825985
1379839.529991
1367187.500000
1354201.634273
1340872.233609
1327188.947339
1313140.712755
1298715.686951
1283901.169892
1268683.517293
1253048.041589
1236978.898969
1220458.959956
1203469.660549
1185990.830179
1168000.491933
1149474.629352
1130386.912686
1110708.375634
1090407.031120
1069447.411427
1047790.013592
1025390.625000
1002199.495896
978160.313953
953208.919645
927271.677380
900263.382202
872084.528859
842617.687982
811722.603606
779229.412170
744929.018672
708559.019001
669782.351542
628153.474836
583061.790843
533630.200058
478515.625000
415462.502285
340083.596667
241081.913715
0.000000
0.000000
0.000000
0.000000
0.000000
0.000000
0.000000
0.000000
0.000000
0.000000
0.000000
0.000000
0.000000
0.000000
0.000000
0.000000
0.000000
0.000000
0.000000
0.000000
0.000000
0.000000
0.000000
0.000000
0.000000
0.000000
0.000000
0.000000
0.000000
0.000000
0.000000
0.000000
0.000000
0.000000
0.000000
0.000000
0.000000
0.000000
0.000000
0.000000
0.000000
0.000000
0.000000
0.000000
0.000000
0.000000
0.000000
0.000000
0.000000
0.000000
0.000000
0.000000
0.000000
0.000000
0.000000
0.000000
0.000000
0.000000
0.000000
0.000000
0.000000
0.000000
0.000000
0.000000
0.000000
0.000000
0.000000
0.000000
0.000000
0.000000
0.000000
0.000000
0.000000
0.000000
0.000000
0.000000
0.000000
0.000000
0.000000
0.000000
0.000000
0.000000
0.000000
0.000000
0.000000
0.000000
0.000000
0.000000
0.000000
0.000000
0.000000
0.000000
0.000000
0.000000
0.000000
0.000000
0.000000
0.000000
0.000000
0.000000
0.000000
0.000000
0.000000
0.000000
0.000000
0.000000
0.000000
0.000000
0.000000
0.000000
0.000000
0.000000
0.000000
0.000000
0.000000
0.000000
0.000000
0.000000
0.000000
0.000000
0.000000
0.000000
0.000000
0.000000
0.000000
0.000000
0.000000
0.000000
0.000000
0.000000
0.000000
0.000000
0.000000
0.000000
0.000000
0.000000
0.000000
0.000000
0.000000
0.000000
0.000000
0.000000
0.000000
0.000000
0.000000
0.000000
0.000000
0.000000
0.000000
0.000000
0.000000
0.000000
0.000000
0.000000
0.000000
0.000000
0.000000
0.000000
0.000000
0.000000
0.000000
0.000000
0.000000
0.000000
0.000000
0.000000
0.000000
0.000000
0.000000
0.000000
0.000000
0.000000
0.000000
0.000000
0.000000
0.000000
0.000000
0.000000
0.000000
0.000000
0.000000
0.000000
0.000000
0.000000
0.000000
0.000000
0.000000
0.000000
0.000000
0.000000
0.000000
0.000000
0.000000
0.000000
0.000000
0.000000
0.000000
0.000000
0.000000
0.000000
0.000000
-17089.843750
-34179.687500
-51269.531250
-68359.375000
-85449.218750
-102539.062500
-119628.906250
-136718.750000
-153808.593750
-170898.437500
-187988.281250
-205078.125000
-222167.968750
-239257.812500
-256347.656250
-273437.500000
-290527.343750
-307617.187500
-324707.031250
-341796.875000
-358886.718750
-375976.562500
-393066.406250
-410156.250000
-427246.093750
-444335.937500
-461425.781250
-478515.625000
-495605.468750
-512695.312500
-529785.156250
-546875.000000
-563964.843750
-581054.687500
-598144.531250
-615234.375000
-632324.218750
-649414.062500
-666503.906250
-683593.750000
-700683.593750
-717773.437500
-734863.281250
-751953.125000
-769042.968750
-786132.812500
-803222.656250
-820312.500000
-837402.343750
-854492.187500
-871582.031250
-888671.875000
-905761.718750
-922851.562500
-939941.406250
-957031.250000
-974121.093750
-991210.937500
-1008300.781250
-1025390.625000
-1042480.468750
-1059570.312500
-1076660.156250
-1093750.000000
-1110839.843750
-1127929.687500
-1145019.531250
-1162109.375000
-1179199.218750
-1196289.062500
-1213378.906250
-1230468.750000
-1247558.593750
-1264648.437500
-1281738.281250
-1298828.125000
-1315917.968750
-1333007.812500
-1350097.656250
-1367187.500000
-1384277.343750
-1401367.187500
-1418457.031250
-1435546.875000
-1452636.718750
-1469726.562500
-1486816.406250
-1503906.250000
-1520996.093750
-1538085.937500
-1555175.781250
-1572265.625000
-1589355.468750
-1606445.312500
-1623535.156250
-1640625.000000
-1657714.843750
-1674804.687500
-1691894.531250
-1708984.375000
-1726074.218750
-1743164.062500
-1760253.906250
-1777343.750000
-1794433.593750
-1811523.437500
-1828613.281250
-1845703.125000
-1862792.968750
-1879882.812500
-1896972.656250
-1914062.500000
-1931152.343750
-1948242.187500
-1965332.031250
-1982421.875000
-1999511.718750
-2016601.562500
-2033691.406250
-2050781.250000
-2067871.093750
-2084960.937500
-2102050.781250
-2119140.625000
-2136230.468750
-2153320.312500
-2170410.156250
-2187500.000000
-2204589.843750
-2221679.687500
-2238769.531250
-2255859.375000
-2272949.218750
-2290039.062500
-2307128.906250
-2324218.750000
-2341308.593750
-2358398.437500
-2375488.281250
-2392578.125000
-2409667.968750
-2426757.812500
-2443847.656250
-2460937.500000
-2478027.343750
-2495117.187500
-2512207.031250
-2529296.875000
-2546386.718750
-2563476.562500
-2580566.406250
-2597656.250000
-2614746.093750
-2631835.937500
-2648925.781250
-2666015.625000
-2683105.468750
-2700195.312500
-2717285.156250
-2734375.000000
-2751464.843750
-2768554.687500
-2785644.531250
-2802734.375000
-2819824.218750
-2836914.062500
-2854003.906250
-2871093.750000
-2888183.593750
-2905273.437500
-2922363.281250
-2939453.125000
-2956542.968750
-2973632.812500
-2990722.656250
-3007812.500000
-3024902.343750
-3041992.187500
-3059082.031250
-3076171.875000
-3093261.718750
-3110351.562500
-3127441.406250
-3144531.250000
-3161621.093750
-3178710.937500
-3195800.781250
-3212890.625000
-3229980.468750
-3247070.312500
-3264160.156250
-3281250.000000
-3298339.843750
-3315429.687500
-3332519.531250
-3349609.375000
-3366699.218750
-3383789.062500
-3400878.906250
-3417968.750000
-3400878.906250
-3383789.062500
-3366699.218750
-3349609.375000
-3332519.531250
-3315429.687500
-3298339.843750
-3281250.000000
-3264160.156250
-3247070.312500
-3229980.468750
-3212890.625000
-3195800.781250
-3178710.937500
-3161621.093750
-3144531.250000
-3127441.406250
-3110351.562500
-3093261.718750
-3076171.875000
-3059082.031250
-3041992.187500
-3024902.343750
-3007812.500000
-2990722.656250
-2973632.812500
-2956542.968750
-2939453.125000
-2922363.281250
-2905273.437500
-2888183.593750
-2871093.750000
-2854003.906250
-2836914.062500
-2819824.218750
-2802734.375000
-2785644.531250
-2768554.687500
-2751464.843750
-2734375.000000
-2717285.156250
-2700195.312500
-2683105.468750
-2666015.625000
-2648925.781250
-2631835.937500
-2614746.093750
-2597656.250000
-2580566.406250
-2563476.562500
-2546386.718750
-2529296.875000
-2512207.031250
-2495117.187500
-2478027.343750
-2460937.500000
-2443847.656250
-2426757.812500
-2409667.968750
-2392578.125000
-2375488.281250
-2358398.437500
-2341308.593750
-2324218.750000
-2307128.906250
-2290039.062500
-2272949.218750
-2255859.375000
-2238769.531250
-2221679.687500
-2204589.843750
-2187500.000000
-2170410.156250
-2153320.312500
-2136230.468750
-2119140.625000
-2102050.781250
-2084960.937500
-2067871.093750
-2050781.250000
-2033691.406250
-2016601.562500
-1999511.718750
-1982421.875000
-1965332.031250
-1948242.187500
-1931152.343750
-1914062.500000
-1896972.656250
-1879882.812500
-1862792.968750
-1845703.125000
-1828613.281250
-1811523.437500
-1794433.593750
-1777343.750000
-1760253.906250
-1743164.062500
-1726074.218750
-1708984.375000
-1691894.531250
-1674804.687500
-1657714.843750
-1640625.000000
-1623535.156250
-1606445.312500
-1589355.468750
-1572265.625000
-1555175.781250
-1538085.937500
-1520996.093750
-1503906.250000
-1486816.406250
-1469726.562500
-1452636.718750
-1435546.875000
-1418457.031250
-1401367.187500
-1384277.343750
-1367187.500000
-1350097.656250
-1333007.812500
-1315917.968750
-1298828.125000
-1281738.281250
-1264648.437500
-1247558.593750
-1230468.750000
-1213378.906250
-1196289.062500
-1179199.218750
-1162109.375000
-1145019.531250
-1127929.687500
-1110839.843750
-1093750.000000
-1076660.156250
-1059570.312500
-1042480.468750
-1025390.625000
-1008300.781250
-991210.937500
-974121.093750
-957031.250000
-939941.406250
-922851.562500
-905761.718750
-888671.875000
-871582.031250
-854492.187500
-837402.343750
-820312.500000
-803222.656250
-786132.812500
-769042.968750
-751953.125000
-734863.281250
-717773.437500
-700683.593750
-683593.750000
-666503.906250
-649414.062500
-632324.218750
-615234.375000
-598144.531250
-581054.687500
-563964.843750
-546875.000000
-529785.156250
-512695.312500
-495605.468750
-478515.625000
-461425.781250
-444335.937500
-427246.093750
-410156.250000
-393066.406250
-375976.562500
-358886.718750
-341796.875000
-324707.031250
-307617.187500
-290527.343750
-273437.500000
-256347.656250
-239257.812500
-222167.968750
-205078.125000
-187988.281250
-170898.437500
-153808.593750
-136718.750000
-119628.906250
-102539.062500
-85449.218750
-68359.375000
-51269.531250
-34179.687500
-17089.843750
0.000000
0.000000
0.000000
0.000000
0.000000
0.000000
0.000000
0.000000
0.000000
0.000000
0.000000
0.000000
0.000000
0.000000
0.000000
0.000000
0.000000
0.000000
0.000000
0.000000
0.000000
0.000000
0.000000
0.000000
0.000000
0.000000
0.000000
0.000000
0.000000
0.000000
0.000000
0.000000
0.000000
0.000000
0.000000
0.000000
0.000000
0.000000
0.000000
0.000000
0.000000
0.000000
0.000000
0.000000
0.000000
0.000000
0.000000
0.000000
0.000000
0.000000
0.000000
0.000000
0.000000
0.000000
0.000000
0.000000
0.000000
0.000000
0.000000
0.000000
0.000000
0.000000
0.000000
0.000000
0.000000
0.000000
0.000000
0.000000
0.000000
0.000000
0.000000
0.000000
0.000000
0.000000
0.000000
0.000000
0.000000
0.000000
0.000000
0.000000
0.000000
0.000000
0.000000
0.000000
0.000000
0.000000
0.000000
0.000000
0.000000
0.000000
0.000000
0.000000
0.000000
0.000000
0.000000
0.000000
0.000000
0.000000
0.000000
0.000000
0.000000
